0.5959740666098973 0.008200504990947013 5.1 3.0592734225621414 2.478011472275335 2.019120458891013 1.7437858508604205 0.4588910133843212
1.004960297617813 0.023610133883616238 8.7 3.4482758620689657 2.586206896551724 1.8620689655172415 1.5862068965517244 0.48275862068965525
0.554792817947789 0.0072905074583468265 4.8 3.470715835140998 2.8112798264642085 1.9436008676789591 1.1453362255965294 0.7288503253796096
0.8859646655958481 0.018346156732563932 7.6 3.047619047619047 2.773333333333333 2.011428571428571 1.3104761904761901 0.7619047619047618
0.45013008032375446 0.004800390337428967 3.9 3.125 3.03125 1.8124999999999998 1.09375 1.0
1.1262931748943306 0.03140033762653996 10.0 2.846975088967972 2.846975088967972 2.6192170818505343 0.9679715302491106 0.28469750889679724
0.198886450614881 0.0009208631965798696 1.7 2.862254025044723 2.6618962432915922 2.3184257602862255 1.0876565295169947 1.0017889087656529
0.1589657604260083 0.0006258240058678037 1.4 3.404255319148936 3.1319148936170214 2.0425531914893615 0.8851063829787235 0.4765957446808511
0.23613562461682489 0.0012828225855397034 2.0 2.576489533011272 2.550724637681159 2.2415458937198065 1.391304347826087 1.0563607085346214
0.3759485295029853 0.0032707508583944746 3.2 2.867383512544803 2.5806451612903225 2.0358422939068097 1.3189964157706093 1.2616487455197132
0.15145780478369683 0.0005339033286498096 1.3 2.8828828828828827 2.7963963963963963 1.5567567567567568 1.5567567567567568 1.2972972972972974
0.5856271124476894 0.007952815569825251 5.0 2.7303754266211606 2.621160409556314 2.37542662116041 1.2832764505119454 0.7098976109215018
0.02345940038323421 1.2850574459600706e-5 0.2 2.39880059970015 2.062968515742129 2.062968515742129 2.0389805097451275 1.2713643178410796
0.777305862517312 0.014168780537175825 6.7 3.278688524590164 2.7868852459016393 1.7704918032786887 1.3114754098360657 0.9836065573770492
0.346279543276435 0.002859966133730878 3.0 3.455723542116631 2.6263498920086397 2.3498920086393094 0.9676025917926567 0.6565874730021599
0.8388207801639795 0.016390562682979913 7.2 2.867383512544803 2.7240143369175627 1.6630824372759856 1.5770609318996416 1.2043010752688172
0.656242472844116 0.009920096051438732 5.6 2.8119507908611596 2.5588752196836553 1.884007029876977 1.8277680140597539 0.6467486818980668
1.1102660900933456 0.0289092208019738 9.6 3.2586558044806515 2.672097759674134 1.6293279022403258 1.5315682281059062 1.075356415478615
0.3919516618647757 0.0036605198787034348 3.4 3.155818540433925 3.029585798816568 1.9250493096646943 1.009861932938856 0.9151873767258383
0.8218922313365017 0.015634587725004742 7.0 3.013182674199623 2.4406779661016946 1.988700564971751 1.5367231638418077 1.0546139359698679
0.5990072782785831 0.008362793217227377 5.1 2.366863905325444 2.1301775147928996 2.1301775147928996 1.9171597633136097 1.2781065088757397
0.506408726595817 0.006151711889970091 4.4 3.5087719298245617 2.7719298245614037 2.1052631578947367 1.192982456140351 0.3508771929824562
0.25597581561443694 0.0015444603854539653 2.2 3.2128514056224895 2.730923694779116 2.2168674698795177 1.0602409638554215 0.7710843373493974
0.1970385487531811 0.0009152105148224086 1.7 3.2586558044806515 2.8676171079429733 1.9226069246435842 1.40122199592668 0.35845213849287166
0.5157046089968281 0.006198149376423577 4.4 2.72572402044293 2.0442930153321974 2.017035775127768 1.9080068143100508 1.3356047700170357
0.43426022458636954 0.004578786925858935 3.8 3.3126293995859215 3.0807453416149073 1.9875776397515528 1.060041407867495 0.4306418219461698
0.08271903809009432 0.00015710122792787396 0.7 2.689075630252101 2.339495798319328 2.339495798319328 1.4789915966386558 0.9949579831932773
0.9956513084317481 0.023215959448097536 8.6 3.2128514056224895 2.473895582329317 2.184738955823293 1.57429718875502 0.321285140562249
0.7138860332303731 0.011756773207939162 6.1 2.893309222423146 2.2857142857142856 1.9674502712477395 1.938517179023508 0.7233273056057865
1.1701372464837325 0.031773317726608456 10.0 2.568218298555377 2.568218298555377 2.234349919743178 1.4125200642054576 1.0016051364365972
0.5720089940824188 0.007631617956185563 4.9 3.0418250950570336 2.555133079847908 2.372623574144486 1.1254752851711025 0.8517110266159695
0.5032398109968834 0.005913772965836215 4.3 2.6578073089700998 2.0996677740863787 1.9401993355481728 1.9136212624584719 1.435215946843854
1.0519599119480745 0.02572976812924281 9.0 2.662229617304493 2.582362728785358 1.9966722129783696 1.4376039933444262 1.3044925124792015
0.2933878927529943 0.0019937467920184376 2.5 2.244039270687237 2.2215988779803646 2.1542776998597475 2.064516129032258 0.8751753155680224
0.1878859458862926 0.0008143304501367662 1.6 2.8520499108734403 2.5098039215686274 2.2245989304812834 1.6256684491978608 0.42780748663101603
0.10500853386701103 0.0002547045821064524 0.9 3.1683168316831685 2.534653465346535 1.9326732673267326 1.7425742574257428 0.4118811881188119
0.9410779956668859 0.020686353504519226 8.1 2.9850746268656714 2.716417910447761 1.6417910447761195 1.552238805970149 1.1940298507462686
0.8267002897678745 0.015928008521473327 7.1 3.1558185404339247 2.556213017751479 1.6725838264299802 1.6094674556213016 1.1676528599605522
1.1152679352021817 0.03025117804775023 9.8 3.5874439461883405 2.6905829596412554 2.2600896860986546 1.0403587443946187 0.43049327354260086
0.49369086578013077 0.0058414853551809675 4.3 3.16205533596838 3.098814229249012 1.9288537549407117 1.1699604743083005 0.44268774703557323
0.1879937771274774 0.0008123430830026167 1.6 2.689075630252101 2.635294117647059 2.0168067226890756 1.7478991596638658 0.5109243697478992
0.9599527826043048 0.021782382379454224 8.3 3.0245746691871456 2.843100189035917 2.056710775047259 1.4215500945179584 0.332703213610586
0.8931618887718222 0.018518973727331224 7.6 2.4096385542168677 2.3132530120481927 2.144578313253012 1.6867469879518073 1.3012048192771086
0.41007741590508967 0.003899615479860984 3.5 2.9906542056074765 2.5719626168224297 1.7345794392523364 1.5850467289719625 1.2261682242990652
1.006418967098569 0.023528202067090016 8.6 2.802101576182137 2.6900175131348516 1.9894921190893171 1.42907180385289 0.9807355516637479
0.2570383980760055 0.001545209506358579 2.2 2.925045703839123 2.7787934186471666 2.2230347349177335 1.1115173674588668 0.8482632541133456
1.0642522614136545 0.026247871566463014 9.2 2.914389799635701 2.214936247723133 2.0983606557377046 1.981785063752277 0.49544626593806923
0.6302408202145584 0.009609136061009431 5.5 3.524229074889868 2.784140969162996 2.185022026431718 1.0572687224669604 0.42290748898678415
0.6638402266952311 0.01016602509561455 5.7 2.7923211169284463 2.3176265270506105 2.178010471204188 1.8987783595113437 0.41884816753926696
0.8128601809695803 0.015404895656572623 7.0 3.2323232323232323 2.5212121212121215 2.0686868686868687 1.6161616161616161 0.35555555555555557
1.1596501120325429 0.03133493640320449 10.0 3.26530612244898 2.5469387755102044 1.8938775510204082 1.63265306122449 0.5877551020408164
0.28183869765103753 0.0018378559481071366 2.4 3.143418467583497 2.4518664047151275 2.106090373280943 1.2888015717092336 1.163064833005894
0.9176941025803309 0.020217047040617345 8.0 3.4334763948497855 2.6094420600858372 2.4034334763948495 0.9270386266094421 0.6866952789699572
0.21142894509911322 0.0010347421883665092 1.8 2.8985507246376816 2.7536231884057973 1.9130434782608698 1.3913043478260871 0.9855072463768119
0.40068038285022456 0.0037046391113816743 3.4 2.6622296173044933 2.289517470881864 2.183028286189684 1.517470881863561 1.3577371048252915
0.3555987753030276 0.0030219290169652174 3.1 3.5087719298245617 3.017543859649123 1.7543859649122808 1.2280701754385965 0.4912280701754387
0.08149648880281178 0.00015584943764407417 0.7 2.6490066225165565 1.9867549668874174 1.9602649006622517 1.8543046357615893 1.7483443708609274
0.5955687088721293 0.008217296906900361 5.1 2.5437201907790143 2.5437201907790143 2.5437201907790143 1.3736089030206677 0.534181240063593
0.24242141657860306 0.001399970664158303 2.1 3.1007751937984493 2.6666666666666665 2.4806201550387597 1.0852713178294573 0.43410852713178294
0.8815318323678512 0.01829034048439032 7.6 3.0131826741996237 2.6516007532956687 2.3502824858757068 1.0244821092278722 0.9340866290018833
0.7291473272727577 0.012309391310190635 6.2 2.43161094224924 2.3100303951367778 2.2127659574468086 1.580547112462006 1.3617021276595744
0.0704293188452377 0.00011431228277189344 0.6 3.1936127744510983 2.459081836327346 2.043912175648703 1.62874251497006 0.5429141716566868
0.0589918276420132 8.0234465894139e-5 0.5 2.8469750889679712 2.6761565836298926 2.049822064056939 1.4519572953736655 0.797153024911032
1.1017686159127973 0.02974338285750581 9.7 3.0360531309297913 2.8842504743833017 2.459203036053131 0.8804554079696394 0.5161290322580646
1.0242391216453053 0.02552967114437576 9.0 3.3970276008492566 3.0233545647558384 1.9702760084925688 0.9511677282377919 0.7133757961783439
0.2562747154968401 0.0015286314210063749 2.2 3.2 2.4320000000000004 1.7280000000000002 1.504 1.4720000000000002
1.1731651097623226 0.03193858539193147 10.0 2.580645161290323 2.4258064516129036 2.1161290322580646 1.6258064516129034 1.0838709677419356
0.21851253370372017 0.0011358441895950079 1.9 3.278688524590164 3.081967213114754 1.6721311475409837 1.1147540983606559 0.9836065573770492
0.7755212901197409 0.013938743315440311 6.6 2.8268551236749118 2.2332155477031805 2.035335689045936 1.696113074204947 1.243816254416961
0.952924011877819 0.022394637273661703 8.4 3.2854209445585214 3.08829568788501 2.102669404517454 0.8870636550308009 0.5585215605749487
0.5403435684003289 0.006751894320128539 4.6 3.0360531309297913 2.4288425047438333 2.1252371916508537 1.3358633776091082 1.1840607210626186
0.3975493734456804 0.0036688184108683323 3.4 2.7257240204429305 2.7257240204429305 1.7717206132879049 1.4446337308347532 1.3901192504258946
0.7321381372073442 0.012997208237636818 6.4 3.2786885245901645 3.0163934426229515 2.065573770491804 1.0491803278688527 0.45901639344262307
0.17654342520928792 0.0007184149687786296 1.5 3.076923076923077 2.3692307692307693 2.276923076923077 1.323076923076923 0.9846153846153847
0.9736785690835388 0.022373277474645785 8.4 3.137254901960784 2.7921568627450974 2.101960784313725 1.16078431372549 0.7529411764705881
0.9236852811411613 0.019789169522928415 7.9 2.888086642599278 2.512635379061372 1.7906137184115525 1.7617328519855597 0.9819494584837547
0.0687573808896195 0.00011324041358017746 0.6 3.206412825651303 3.17434869739479 1.6993987975951907 1.026052104208417 0.9939879759519039
0.17090822452642426 0.0007128718913295556 1.5 3.8095238095238093 2.8571428571428568 2.019047619047619 0.9523809523809523 0.5333333333333333
1.1476800349404699 0.03050917222925416 9.8 2.893309222423146 2.4303797468354427 2.141048824593128 1.620253164556962 0.7233273056057865
0.12962050901721917 0.0003866588755674987 1.1 2.7923211169284468 2.317626527050611 1.9546247818499125 1.8987783595113439 0.8656195462478184
1.1376346511813666 0.030279111040220755 9.8 2.9795158286778403 2.6219739292364994 1.7579143389199257 1.4897579143389201 1.2811918063314713
0.6504854543829722 0.009889652275012676 5.6 3.206412825651303 2.821643286573147 1.6352705410821646 1.4428857715430865 0.9939879759519039
0.8654460571983444 0.017720277385319956 7.5 3.3826638477801265 2.8076109936575047 1.8604651162790697 1.150105708245243 0.9809725158562366
0.4461545798990644 0.004583659604859377 3.8 2.763385146804836 2.5146804835924006 2.155440414507772 1.7132987910189983 0.46977547495682215
0.25672799961987636 0.0015216210886943812 2.2 2.787456445993032 2.3414634146341466 2.3414634146341466 1.7560975609756102 0.33449477351916385
1.03611155161589 0.02595591393134545 9.1 3.6613272311212812 2.8558352402745992 1.9405034324942791 1.1350114416475972 0.47597254004576656
0.046360640963290504 5.0865900981650196e-5 0.4 3.252032520325203 2.6016260162601625 2.4390243902439024 1.008130081300813 0.6504065040650406
0.5393005913372269 0.006740890291450957 4.6 2.772963604852686 2.6897746967071052 1.9133448873483532 1.386481802426343 1.2478336221837087
0.17665007768051202 0.000724083577398015 1.5 2.4024024024024024 2.3063063063063063 1.945945945945946 1.897897897897898 1.2972972972972974
0.5510570177557113 0.007313972000237816 4.8 3.258655804480651 3.030549898167006 2.0203665987780037 1.0101832993890019 0.6191446028513237
0.7611908503362476 0.013405074879765898 6.5 2.782608695652174 2.3930434782608696 2.337391304347826 1.2521739130434784 1.2521739130434784
0.5522000019606033 0.007052150243574001 4.7 2.6711185308848084 2.3238731218697835 2.1368948247078468 1.4691151919866448 1.4691151919866448
0.4303595516163358 0.004334184951622084 3.7 2.8933092224231465 2.5750452079566 2.546112115732369 1.0415913200723328 0.7811934900542497
0.11675215398937559 0.0003168352397312976 1.0 3.0360531309297913 2.732447817836812 1.6091081593927894 1.5483870967741935 1.1840607210626186
0.730762465756211 0.012303725046876228 6.2 2.5356576862123617 2.434231378763867 2.0792393026941363 1.8003169572107767 0.8367670364500794
0.43525972285198744 0.004386522649260256 3.7 2.6016260162601625 2.4455284552845526 1.8991869918699187 1.665040650406504 1.3788617886178862
0.7704990793810523 0.013805805514180373 6.6 3.0418250950570345 2.463878326996198 2.2813688212927756 1.1558935361216731 1.1558935361216731
0.95394850367463 0.022215653003689696 8.4 3.463203463203463 3.0476190476190474 1.9393939393939397 1.0043290043290043 0.5541125541125541
0.48514909007244006 0.005609194087565537 4.2 3.1496062992125986 2.7086614173228347 2.425196850393701 0.9133858267716536 0.7559055118110236
0.5851171484350107 0.008212345547026548 5.1 3.636363636363637 2.836363636363637 1.9636363636363643 1.0545454545454547 0.6545454545454547
0.26874167819028105 0.0016805425559880717 2.3 2.8268551236749118 2.600706713780919 2.4593639575971733 1.187279151943463 0.6784452296819788
0.6544411179119992 0.009963734146887428 5.6 2.990654205607476 2.781308411214953 1.854205607476635 1.375700934579439 0.9869158878504671
0.5349801162195773 0.006714107985090961 4.6 3.2719836400817996 2.8139059304703475 1.9304703476482616 1.2760736196319018 0.6871165644171779
0.05859384621094023 7.957097856305144e-5 0.5 2.787456445993031 2.70383275261324 1.8954703832752613 1.337979094076655 1.337979094076655
0.39299094516353833 0.0036759614213537025 3.4 3.2989690721649483 2.672164948453608 2.342268041237113 0.8907216494845361 0.8907216494845361
0.31838595908277095 0.002331902829925686 2.7 2.7491408934707904 2.3917525773195876 2.336769759450172 1.3745704467353952 1.0446735395189004
1.0799774339318375 0.027357950641756012 9.3 3.238866396761133 2.623481781376518 2.1052631578947367 1.3927125506072873 0.5182186234817813
1.1184769333498814 0.030009512836342764 9.8 3.5087719298245617 2.947368421052632 1.7894736842105265 1.1578947368421053 0.7017543859649124
0.2604795545168448 0.0015572829700885638 2.2 2.5641025641025643 2.3589743589743595 2.256410256410257 1.666666666666667 0.8717948717948719
0.11667876007749489 0.0003147867824487668 1.0 3.3472803347280333 2.5439330543933054 1.707112970711297 1.707112970711297 0.7364016736401673
0.2234857746450882 0.0011537172059045001 1.9 2.8021015761821366 2.521891418563923 2.1015761821366024 1.316987740805604 1.316987740805604
0.523337336897399 0.006391755199239343 4.5 3.2128514056224895 2.602409638554217 1.7028112449799195 1.4136546184738954 1.3493975903614455
1.1406460338954818 0.03146817074619048 10.0 2.93040293040293 2.842490842490842 2.4615384615384612 0.8205128205128205 0.8205128205128205
0.34024167558379576 0.00267895765799559 2.9 3.1311154598825834 2.4109589041095894 2.1604696673189823 1.2524461839530334 1.2211350293542076
1.045567429189264 0.02527270962381644 8.9 2.4502297090352223 2.3522205206738134 2.327718223583461 1.641653905053599 0.9065849923430322
0.29428030992146087 0.002011637593563114 2.5 2.4577572964669736 2.236559139784946 1.9907834101382487 1.8678955453149 1.3517665130568355
0.8178629799327573 0.015521669919365991 7.0 3.0303030303030303 2.5757575757575757 1.727272727272727 1.696969696969697 0.9696969696969697
0.8606465059407774 0.017442648803554405 7.5 3.470715835140998 2.7765726681127987 1.735357917570499 1.561822125813449 0.38177874186550975
0.19616417557431992 0.000911364384027905 1.7 3.2 3.072 1.7280000000000002 1.152 0.8960000000000001
0.6262645932211507 0.009271504768442084 5.4 3.26530612244898 2.6775510204081634 2.2530612244897963 1.0122448979591838 0.8489795918367349
0.14074615851368275 0.0004595978770377481 1.2 3.0534351145038165 2.5343511450381677 2.2900763358778624 1.4045801526717556 0.48854961832061067
0.3373308384660137 0.0026630678948091177 2.9 2.952029520295203 2.892988929889299 1.8597785977859778 1.1808118081180812 1.1808118081180812
0.11645428198233106 0.00031783511884504116 1.0 3.463203463203463 2.5974025974025974 2.0779220779220777 1.1082251082251082 0.9696969696969698
0.4877153055449686 0.005623174219955246 4.2 3.018867924528302 2.686792452830189 2.324528301886793 1.328301886792453 0.30188679245283023
0.3489490581387514 0.0028219629905437507 3.0 3.2064128256513023 2.533066132264529 1.9559118236472943 1.7314629258517034 0.35270541082164325
0.1527982445123382 0.0005400889535864923 1.3 2.716468590831919 2.716468590831919 2.0645161290322585 1.2767402376910018 1.168081494057725
0.9457724144189348 0.0217607533246687 8.3 3.1067961165048543 2.733980582524272 2.578640776699029 0.7766990291262136 0.7145631067961166
0.16095341614602227 0.0006258521075453659 1.4 3.2258064516129026 2.806451612903225 2.387096774193548 0.9354838709677417 0.5161290322580644
0.2686519731210987 0.0016839077855466023 2.3 3.3542976939203353 2.582809224318658 2.079664570230608 1.1740041928721172 0.9727463312368971
0.6291137104249611 0.009924534452219996 5.6 3.493449781659389 3.213973799126638 1.921397379912664 0.943231441048035 0.3493449781659389
0.5560536105066495 0.007332612256880586 4.8 3.333333333333333 2.766666666666666 2.1333333333333333 1.0333333333333332 0.7999999999999999
1.0536078225070116 0.02587540659218007 9.0 2.4767801857585137 2.303405572755418 2.0557275541795663 1.7089783281733744 1.3869969040247678
0.9737911188348642 0.022915052397246248 8.5 3.2258064516129035 2.838709677419355 2.2903225806451615 0.967741935483871 0.5806451612903226
0.2552081842362346 0.0015091372393956463 2.2 2.925045703839123 2.8372943327239493 1.784277879341865 1.7257769652650825 0.380255941499086
0.605815288053543 0.008560726849307736 5.2 3.2 2.688 1.7600000000000002 1.3760000000000001 1.152
0.1170436088339046 0.00031802010172227353 1.0 2.9629629629629632 2.5185185185185186 2.4296296296296296 1.2444444444444445 0.6518518518518519
0.5684903622795736 0.0075657375428259165 4.9 3.1558185404339247 2.966469428007889 1.7041420118343196 1.4201183431952662 0.6627218934911242
0.01180292789492428 3.2087209617627722e-6 0.1 2.7027027027027026 2.7027027027027026 2.027027027027027 1.4594594594594594 0.918918918918919
0.1711039615861408 0.0007123920611389075 1.5 3.69515011547344 2.956120092378752 1.921478060046189 0.92378752886836 0.7020785219399536
0.3512713644413341 0.002864865116881618 3.0 2.8070175438596494 2.329824561403509 1.8807017543859652 1.6 1.5719298245614037
0.714262956300104 0.011842948196623423 6.1 3.137254901960784 2.6352941176470583 2.0078431372549015 1.4745098039215683 0.6274509803921569
0.29229167814348955 0.001985946897067766 2.5 3.1067961165048543 2.702912621359223 1.7708737864077668 1.3980582524271845 1.149514563106796
0.8641812006967914 0.01732125302584524 7.4 2.707275803722504 2.490693739424704 2.463620981387479 1.1912013536379018 1.0016920473773265
0.9477297262521933 0.02084415623493278 8.1 2.903811252268603 2.4682395644283126 2.2649727767695103 1.2776769509981853 1.0744101633393832
1.1010689444416772 0.028107983714348216 9.4 2.564102564102564 2.4358974358974357 2.2564102564102564 1.435897435897436 1.1794871794871795
0.3189300212274283 0.0024887315002199498 2.8 3.4707158351409984 3.0542299349240785 1.978308026030369 1.0412147505422995 0.3817787418655098
0.31525427149863655 0.0023198944903733065 2.7 3.076923076923077 2.5538461538461537 2.3692307692307693 1.2923076923076924 0.49230769230769234
0.438233823647398 0.00453578135078827 3.8 3.180914512922465 3.053677932405566 1.5904572564612325 1.2405566600397613 1.0497017892644136
0.9428452880264739 0.021251652189198666 8.2 2.8828828828828827 2.8828828828828827 2.3351351351351353 0.8936936936936937 0.8936936936936937
1.0552750767544974 0.02647190233745867 9.2 3.5087719298245617 2.8771929824561404 1.7543859649122808 1.2631578947368423 0.7017543859649124
0.5775465231855252 0.00770347563986812 4.9 2.787456445993031 2.425087108013937 1.979094076655052 1.616724738675958 1.170731707317073
0.47249930634231013 0.005155016927931373 4.0 2.5477707006369426 2.267515923566879 2.140127388535032 1.732484076433121 1.1719745222929936
0.9045236451225781 0.01917378705722127 7.8 3.3195020746887964 2.589211618257261 1.925311203319502 1.2282157676348546 1.1950207468879668
0.4806554612011146 0.005359289275182815 4.1 2.7729636048526864 2.6897746967071057 2.1074523396880416 1.2201039861351821 1.192374350086655
1.0790189506997003 0.028589301789991552 9.5 3.2193158953722336 3.0261569416498992 2.1569416498993967 0.8048289738430584 0.8048289738430584
0.8361471489725718 0.01633865421681525 7.2 2.877697841726619 2.6474820143884896 1.6402877697841727 1.5539568345323744 1.4388489208633095
0.731626046277481 0.013276761468157119 6.5 3.5714285714285716 3.2142857142857144 1.7857142857142858 0.8928571428571429 0.6428571428571429
0.023610456822005913 1.2841896514140634e-5 0.2 2.8520499108734407 2.452762923351159 1.9108734402852054 1.68270944741533 1.055258467023173
0.20838171270217512 0.0010302802388450672 1.8 3.018867924528302 3.018867924528302 2.0528301886792457 1.147169811320755 0.5433962264150943
0.235136372527607 0.0012725600611747643 2.0 2.9906542056074765 2.4224299065420563 2.183177570093458 1.644859813084112 0.508411214953271
0.03426947953275481 2.842188673864146e-5 0.3 3.6697247706422016 2.9724770642201834 1.8715596330275228 1.0275229357798166 0.5871559633027522
0.08105515845416782 0.00015507299653713032 0.7 3.076923076923077 2.5538461538461537 2.5538461538461537 1.1076923076923078 0.49230769230769234
0.49592651925334147 0.0056686914413664 4.2 2.469135802469136 2.2716049382716053 2.1975308641975313 1.8271604938271606 0.9382716049382718
0.7107557211349252 0.011772546178583263 6.1 3.0075187969924815 2.8270676691729326 1.7142857142857142 1.4436090225563911 1.0225563909774438
0.835108527368948 0.01630525651285935 7.2 3.3542976939203353 2.5157232704402515 2.079664570230608 1.5429769392033543 0.3689727463312369
0.17496802236333692 0.0007169379842977936 1.5 3.094777562862669 2.8471953578336557 2.011605415860735 1.3617021276595744 0.4642166344294003
0.36051804789975045 0.0030580909392760635 3.1 2.2695035460992914 2.1333333333333337 1.9517730496453907 1.860992907801419 1.8382978723404262
0.8555341178462472 0.017391342275252752 7.4 3.180914512922465 2.799204771371769 2.1948310139165006 1.0497017892644136 0.731610337972167
0.2468166697023447 0.0014075300341520524 2.1 2.903811252268603 2.4682395644283126 1.771324863883848 1.771324863883848 1.0744101633393832
0.663767231875072 0.010213460906834315 5.7 2.807017543859649 2.610526315789474 2.07719298245614 1.7403508771929823 0.3368421052631579
0.42652014798062005 0.004327562905355099 3.7 3.5087719298245617 2.8771929824561404 1.8947368421052635 1.1228070175438598 0.7017543859649124
0.513610529413845 0.006384526126367985 4.5 3.6446469248291566 2.952164009111617 1.8587699316628699 0.9476082004555808 0.8382687927107061
0.34215055829750884 0.0026977732137796234 2.9 2.9850746268656714 2.5373134328358207 2.059701492537313 1.4925373134328357 0.835820895522388
1.0289895345633477 0.025632131442995403 9.0 3.26530612244898 2.9387755102040822 2.1224489795918373 1.0775510204081635 0.45714285714285724
0.33853466762784346 0.0026808622757904022 2.9 3.076923076923077 2.7384615384615385 2.0923076923076924 1.1076923076923078 1.0461538461538462
0.03516073471802839 2.8693327857128535e-5 0.3 3.2 2.624 1.952 1.312 1.024
0.7555464309369618 0.013833225813755342 6.6 3.375527426160337 2.70042194092827 2.4303797468354427 0.8776371308016877 0.6075949367088607
1.0051306969586693 0.0234567319177375 8.7 2.58481421647819 2.378029079159935 2.2487883683360255 1.9127625201938607 0.33602584814216474
0.3920448256660367 0.0036317168770798693 3.4 3.125 3.03125 1.625 1.1875 1.1875
0.14123363283847262 0.00045920849502663265 1.2 2.9197080291970803 2.627737226277372 1.8686131386861313 1.6642335766423355 0.759124087591241
0.39627899549582996 0.003913102524278575 3.5 3.571428571428571 3.0357142857142856 2.071428571428571 0.9285714285714285 0.35714285714285715
0.1881250936123728 0.0008173746605436801 1.6 2.9684601113172544 2.4341372912801487 2.137291280148423 1.306122448979592 1.2764378478664193
0.47214123871246866 0.005315644051566846 4.1 3.516483516483516 2.848351648351648 1.9340659340659339 1.2659340659340657 0.38681318681318677
0.42101160720003306 0.004118844850358517 3.6 2.985074626865672 2.6865671641791047 1.8208955223880599 1.3731343283582091 1.2537313432835822
0.43114138159312626 0.004561146457920682 3.8 3.652968036529681 3.068493150684932 1.8630136986301373 0.9132420091324203 0.6575342465753425
0.04659976950108936 5.100632643842268e-5 0.4 3.3402922755741127 2.7056367432150314 2.104384133611691 1.1356993736951984 0.768267223382046
0.6656708682559748 0.010324642317112718 5.7 3.292181069958848 2.5349794238683128 2.17283950617284 1.2839506172839508 0.7242798353909465
0.5984662828549214 0.008531479679984525 5.2 2.941176470588236 2.6470588235294126 2.61764705882353 1.0000000000000002 0.5294117647058825
0.20973309763118583 0.0010242881838447714 1.8 3.3684210526315788 2.7621052631578946 1.7178947368421051 1.4821052631578946 0.7073684210526315
0.2898031515731601 0.001985769074062217 2.5 3.4115138592750527 2.59275053304904 2.319829424307036 1.0575692963752663 0.64818763326226
0.09314479194211334 0.00020105974415834894 0.8 3.2 2.7520000000000002 1.7280000000000002 1.6320000000000001 0.576
0.17640606833318623 0.0007177487775909452 1.5 3.252032520325203 2.4715447154471546 1.983739837398374 1.5284552845528454 0.7804878048780487
0.034786451866983134 2.797079198885579e-5 0.3 3.10077519379845 2.3875968992248064 2.0155038759689923 1.8914728682170543 0.310077519379845
0.4012011334638577 0.0037152956822415575 3.4 2.61437908496732 2.4575163398692803 1.9869281045751632 1.6209150326797384 1.2549019607843135
0.8349324724936008 0.016167326073642675 7.2 2.622950819672131 2.465573770491803 2.2295081967213113 1.8360655737704916 0.3147540983606557
0.36378589343843404 0.0030669651079595047 3.1 2.857142857142857 2.5714285714285716 2.342857142857143 1.4 0.5142857142857142
0.7489908023657097 0.013027980306418281 6.4 2.841918294849023 2.7566607460035524 1.9040852575488456 1.3925399644760212 1.0515097690941386
1.038502560122014 0.025024340422400447 8.9 3.00187617260788 2.401500938086304 2.281425891181989 1.5609756097560978 0.5103189493433397
0.36315012830448407 0.0030713092267932256 3.1 2.3703703703703702 2.2044444444444444 2.0859259259259257 1.6829629629629628 1.6829629629629628
0.2746690823597992 0.0018136739320105976 2.4 3.2719836400817996 3.173824130879346 1.79959100204499 1.112474437627812 0.556237218813906
0.6139037625474945 0.008674019313033172 5.2 2.576489533011272 2.3703703703703702 2.293075684380032 1.5458937198067633 1.0048309178743962
0.8922522362650138 0.018402937985368625 7.6 2.893309222423146 2.517179023508137 1.938517179023508 1.6781193490054245 0.8390596745027122
0.6573465744260034 0.010006525708711493 5.6 2.6755852842809364 2.568561872909699 1.9531772575250836 1.4715719063545152 1.3377926421404682
0.6820425746233553 0.010762014434074936 5.8 2.8469750889679712 2.6476868327402134 2.1352313167259784 1.4234875444839856 0.7402135231316725
0.6962648043191147 0.011364178365548946 6.0 3.00187617260788 2.9718574108818014 1.7711069418386491 1.2908067542213886 0.9305816135084428
0.971360747017375 0.022198466887245836 8.4 3.174603174603175 2.4761904761904763 2.4761904761904763 1.142857142857143 0.634920634920635
0.8176305756553066 0.015470620355793477 7.0 2.8419182948490227 2.52930728241563 2.131438721136767 1.7051509769094135 0.4262877442273534
0.7230309045691058 0.012196723832379991 6.2 2.941176470588236 2.7647058823529416 2.058823529411765 1.5000000000000004 0.4117647058823531
0.8455115788673884 0.016763802717191873 7.3 3.3613445378151257 2.621848739495798 1.815126050420168 1.2773109243697478 1.2100840336134453
1.0067602613061026 0.02354160608416703 8.6 2.7972027972027975 2.6293706293706296 2.20979020979021 1.3706293706293708 0.7832167832167833
0.023147700824189165 1.2682242701276653e-5 0.2 3.375527426160338 2.835443037974684 1.9240506329113924 1.0464135021097047 1.0126582278481013
0.816568499011698 0.015418767852391256 7.0 2.4577572964669736 2.4577572964669736 2.433179723502304 1.6712749615975422 0.41781874039938555
0.05827127679099587 7.89577570577454e-5 0.5 2.914389799635701 2.856102003642987 1.9234972677595628 1.5737704918032787 0.3788706739526412
1.1074257501752012 0.02971155712562364 9.7 3.50109409190372 2.8358862144420134 2.1006564551422318 0.9452954048140044 0.7352297592997812
0.1882878567292097 0.0008179439542772228 1.6 3.125 2.34375 2.0625 1.4375 1.1875
0.1755685724696552 0.0007140992266682214 1.5 3.187250996015936 2.6772908366533863 1.6892430278884463 1.593625498007968 0.8924302788844621
0.7994591318301033 0.015485113758081025 7.0 3.0534351145038165 2.7175572519083966 2.595419847328244 0.9160305343511449 0.48854961832061067
1.1628544039030455 0.03165128147558776 10.0 2.8985507246376816 2.7536231884057973 2.028985507246377 1.2753623188405798 0.9855072463768119
1.1092188811486625 0.02860367012266767 9.5 3.1809145129224654 2.385685884691849 2.131212723658052 1.3996023856858848 0.9860834990059643
0.9688104706453924 0.022391642071482084 8.4 3.162055335968379 2.7826086956521734 2.2134387351778653 1.2332015810276677 0.37944664031620545
0.10458400805750816 0.0002565632670078642 0.9 3.3195020746887964 2.8547717842323648 1.8589211618257262 1.3609958506224065 0.5311203319502075
0.9069463664461928 0.019234628758902993 7.8 3.2193158953722336 2.575452716297787 1.995975855130785 1.2233400402414487 1.1911468812877264
0.5871778988637538 0.007973643238584557 5.0 2.9357798165137616 2.2605504587155965 2.1137614678899084 1.4678899082568808 1.379816513761468
0.8688301701737614 0.017472296528636404 7.4 2.9795158286778403 2.3836126629422725 1.9664804469273747 1.6387337057728122 1.042830540037244
0.45297220052126175 0.004826517958222725 3.9 2.6016260162601625 1.9772357723577236 1.9772357723577236 1.8471544715447152 1.795121951219512
1.1649969487714082 0.031504032100824045 10.0 2.707275803722504 2.707275803722504 1.840947546531303 1.7055837563451777 0.7851099830795262
1.0151140879268332 0.02399560408192416 8.7 3.0476190476190474 2.529523809523809 1.9504761904761905 1.401904761904762 1.1885714285714286
0.8079892474005193 0.015984953981881732 7.1 3.532008830022075 2.9668874172185427 2.0485651214128033 0.9536423841059603 0.5298013245033112
0.921151669829814 0.01959575713752563 7.9 2.6755852842809364 2.3545150501672243 2.1137123745819397 1.926421404682274 0.5351170568561873
0.9827848269030932 0.02265624357792691 8.5 3.252032520325203 2.569105691056911 1.6910569105691058 1.4308943089430894 1.3658536585365852
0.9816799172951189 0.022766105922346094 8.5 2.857142857142857 2.5714285714285716 2.5142857142857142 1.3142857142857143 0.34285714285714286
0.18797552764958858 0.0008179593203095016 1.6 2.8520499108734403 2.595365418894831 2.253119429590018 1.1978609625668448 1.0552584670231728
1.1462529167451803 0.0308935189864569 9.9 3.219315895372233 2.543259557344064 2.2857142857142856 1.255533199195171 0.6116700201207244
0.4290611069278025 0.0043210559356440985 3.7 2.7210884353741496 2.6666666666666665 2.585034013605442 1.0612244897959184 0.6530612244897959
1.1132422015215853 0.0294072177776445 9.7 3.3057851239669422 2.87603305785124 1.6859504132231407 1.2231404958677685 1.1239669421487604
0.9675573265479468 0.02214259080394559 8.4 3.3195020746887964 2.821576763485477 1.7593360995850622 1.1950207468879668 1.1286307053941909
0.9514590649896023 0.02103371928138918 8.1 2.503912363067293 2.2535211267605635 2.103286384976526 1.8028169014084507 1.1768388106416277
0.20854466596324053 0.0010290114094687567 1.8 3.2989690721649483 2.5731958762886595 2.4412371134020616 0.9896907216494845 0.6927835051546392
0.9628166921599309 0.021652944447890954 8.3 3.2586558044806515 2.737270875763747 1.6619144602851323 1.5641547861507126 0.8146639511201629
0.8170516805095743 0.015536785912137209 7.0 3.00187617260788 2.581613508442777 1.7410881801125704 1.5609756097560978 1.2307692307692308
0.5200303194519095 0.00642062494184653 4.5 3.1683168316831685 2.978217821782178 1.9643564356435643 1.0772277227722773 0.7920792079207921
1.1201143959747748 0.030845041646254394 9.9 3.7470725995316156 2.8477751756440277 2.060889929742389 0.9367681498829039 0.5620608899297423
0.2741329227906119 0.0018409911694663571 2.4 3.2989690721649483 3.0350515463917525 2.1443298969072164 0.956701030927835 0.4288659793814433
1.128228842651134 0.030404909247052407 9.8 3.0947775628626686 2.754352030947775 2.259187620889748 1.268858800773694 0.34042553191489355
0.7275769450125008 0.012272106454920466 6.2 2.888086642599278 2.5992779783393503 2.1660649819494586 1.2996389891696751 0.9819494584837547
0.41986266264666117 0.004098324583566296 3.6 3.3472803347280333 2.6443514644351462 1.6736401673640167 1.5397489539748954 0.9372384937238494
0.5598939255249594 0.007643635724117494 4.9 3.2 3.072 2.112 0.992 0.44800000000000006
0.2340061839106002 0.001271297983094345 2.0 2.9739776951672865 2.4684014869888475 2.4386617100371746 1.3680297397769519 0.47583643122676583
1.0249790371946115 0.02448982696498348 8.8 3.0131826741996237 2.470809792843691 1.9284369114877593 1.416195856873823 1.3559322033898307
0.8374548378289218 0.01644310716149865 7.2 2.8828828828828827 2.8540540540540538 2.046846846846847 1.1531531531531531 1.009009009009009
1.017222187944912 0.024008487773473933 8.7 2.753872633390705 2.3407917383820993 2.2306368330464714 1.3769363166953525 1.3493975903614455
1.054624053444888 0.025862541354593614 9.0 2.702702702702703 2.3243243243243246 2.0000000000000004 1.7027027027027029 1.2432432432432434
0.20819943516179976 0.0010305173472442157 1.8 3.50109409190372 2.7658643326039387 2.0656455142231946 1.0153172866520788 0.8052516411378556
0.8241849233870249 0.01589777835660364 7.1 3.252032520325203 2.6341463414634148 1.821138211382114 1.3008130081300813 1.2357723577235773
0.9362986942840648 0.021912950001820017 8.3 3.1007751937984493 2.914728682170542 2.511627906976744 0.8372093023255813 0.3720930232558139
0.5129751142944766 0.006115962136284981 4.4 3.1936127744510974 2.778443113772455 1.7564870259481038 1.5329341317365266 0.6706586826347304
0.8788823997240633 0.018018427490854506 7.6 2.9962546816479403 2.666666666666667 1.9475655430711611 1.7378277153558053 0.299625468164794
0.341731477949169 0.0026922106024126315 2.9 3.047619047619047 2.3466666666666662 2.072380952380952 1.493333333333333 1.1276190476190473
0.5168830486090213 0.006172308307659713 4.4 2.9357798165137616 2.4660550458715598 2.3192660550458717 1.4678899082568808 0.5577981651376147
0.08160844510744855 0.0001558862210356078 0.7 3.059273422562142 2.6003824091778207 2.386233269598471 1.2237093690248568 0.5200764818355641
0.19250876573653497 0.0009176012405734243 1.7 3.3264033264033266 3.226611226611227 1.9625779625779627 0.9313929313929316 0.43243243243243246
0.22366403347609626 0.0011540897928197136 1.9 2.8985507246376816 2.173913043478261 2.0 1.8840579710144931 0.9855072463768119
0.9082757062113129 0.019240072378467758 7.8 2.893309222423146 2.5750452079566 1.7938517179023505 1.4755877034358045 1.4177215189873416
0.3422904904134291 0.0026889948945259374 2.9 2.5157232704402515 2.5157232704402515 2.088050314465409 1.7861635220125784 0.7044025157232705
0.41802643815273594 0.0043045088808838245 3.7 3.50109409190372 3.2210065645514225 1.7855579868708973 1.0503282275711159 0.3851203501094092
0.37013376173642426 0.003248889119062002 3.2 2.1304926764314245 2.0665778961384818 1.9600532623169107 1.9387483355525963 1.9387483355525963
0.32285323654624437 0.0025011570632099142 2.8 3.1311154598825834 2.880626223091977 2.25440313111546 1.095890410958904 0.40704500978473585
0.7575954519372555 0.01345305560246544 6.5 2.2440392706872374 2.221598877980365 2.042075736325386 1.7503506311360453 1.727910238429173
0.6929765832891721 0.011087833346745709 5.9 2.903811252268602 2.526315789473684 2.1488203266787655 1.5970961887477313 0.5517241379310344
1.0100102661877635 0.023655143517325773 8.6 2.6755852842809364 2.3277591973244145 2.0334448160535117 1.7658862876254182 1.0702341137123745
0.6686644836326657 0.010335295969536336 5.7 2.763385146804836 2.4870466321243523 2.3765112262521586 1.4922279792746114 0.5250431778929188
1.0619915800708832 0.026290278554936118 9.2 3.0534351145038174 2.3511450381679393 2.1984732824427486 1.770992366412214 0.30534351145038174
0.23124414882988747 0.0012697154447327053 2.0 3.2323232323232323 2.585858585858586 2.4242424242424243 1.195959595959596 0.35555555555555557
0.2645412547831338 0.0016757199876477303 2.3 3.6866359447004604 2.764976958525345 2.0276497695852536 0.9953917050691243 0.7373271889400921
1.0874886109230761 0.027439263139630167 9.3 2.8828828828828827 2.2486486486486488 2.2486486486486488 1.4414414414414414 1.2396396396396396
1.0875068499146359 0.02747266845664783 9.3 2.7303754266211606 2.621160409556314 2.2389078498293515 1.4744027303754268 0.6006825938566553
0.09338572858598428 0.00020507505203750995 0.8 2.2955523672883786 2.065997130559541 1.9971305595408895 1.9741750358680057 1.6298421807747487
0.5862110362952424 0.008283674603621304 5.1 3.180914512922465 2.990059642147117 2.131212723658052 0.9224652087475148 0.731610337972167
0.6548684853024086 0.009963049568219896 5.6 3.0710172744721684 2.5489443378119 1.9040307101727445 1.3819577735124757 1.259117082533589
0.12724212911455235 0.0003849596575806608 1.1 3.1683168316831685 2.6613861386138615 2.4712871287128717 0.9504950495049505 0.6653465346534654
0.058228307483248705 7.898090180536192e-5 0.5 3.3898305084745766 2.610169491525424 1.6949152542372883 1.423728813559322 1.1525423728813562
0.31249112811411567 0.0023201882694537795 2.7 3.168316831683168 2.693069306930693 2.407920792079208 1.0138613861386139 0.601980198019802
0.03475588020854158 2.8342861950364776e-5 0.3 3.0592734225621414 3.0592734225621414 1.5908221797323137 1.3154875717017207 1.0095602294455066
0.4945488942909652 0.005663685945380637 4.2 2.7491408934707904 2.1443298969072164 2.089347079037801 1.7594501718213058 1.2646048109965635
0.0804792068948008 0.0001544490011092106 0.7 3.5087719298245617 2.982456140350877 1.7894736842105265 1.2280701754385965 0.4912280701754387
1.0552287475716022 0.02652588480105157 9.2 3.2064128256513023 2.9498997995991982 1.8917835671342682 1.37875751503006 0.35270541082164325
0.7287405428806645 0.013051766545230515 6.4 3.382663847780127 2.9767441860465116 2.1649048625792813 0.9471458773784356 0.43974630021141653
0.28062882292783264 0.0018343980314702087 2.4 2.753872633390705 2.6437177280550768 2.3958691910499135 1.3769363166953525 0.41308089500860573
0.4355860409026895 0.004374275206594045 3.7 3.059273422562142 2.4780114722753352 1.9273422562141493 1.6214149139579352 0.887189292543021
0.06988030225132191 0.00011446206472113546 0.6 2.7681660899653977 2.7681660899653977 2.408304498269896 1.0242214532871972 0.8304498269896193
0.6597028325348402 0.010232303161330907 5.7 3.455723542116631 2.6609071274298057 1.8660907127429809 1.1749460043196547 1.1403887688984884
0.26774700482986424 0.0016829390485905882 2.3 3.00187617260788 2.9418386491557227 2.01125703564728 1.2307692307692308 0.6303939962476548
1.1488654368992066 0.030660843156901218 9.8 2.6936026936026938 2.3703703703703707 2.047138047138047 1.6700336700336702 1.1313131313131313
1.1299571992301574 0.03094905376019136 9.9 3.3826638477801265 2.8752642706131075 2.0972515856236784 1.150105708245243 0.3720930232558139
0.035203272610400224 2.8602418571861506e-5 0.3 3.225806451612903 2.5161290322580645 1.8064516129032258 1.6451612903225805 0.8387096774193548
0.6192717372151392 0.008949353943344384 5.3 3.1746031746031744 2.6349206349206344 2.1587301587301586 1.2380952380952381 0.7619047619047619
0.9501412951512276 0.02095869228071077 8.1 2.7586206896551726 2.317241379310345 2.013793103448276 1.6551724137931034 1.2689655172413794
0.1648743504542046 0.0006240272390605339 1.4 2.6272577996715927 2.3382594417077174 2.12807881773399 1.8916256157635467 0.6568144499178982
0.7005421177213136 0.011788022502192193 6.1 3.149606299212599 3.055118110236221 2.0157480314960634 1.0078740157480317 0.6929133858267718
0.5271251013231445 0.006392192534263306 4.5 2.7491408934707904 2.336769759450172 2.1993127147766325 1.8419243986254297 0.49484536082474223
0.2333059733439831 0.001282353290424268 2.0 2.1680216802168024 2.0813008130081303 2.037940379403794 1.9728997289972903 1.64769647696477
0.4620031913071783 0.005088322580073202 4.0 3.3195020746887964 2.887966804979253 2.0580912863070537 1.1286307053941909 0.5311203319502075
1.0969528753186617 0.028177513311896624 9.4 2.5559105431309908 2.1469648562300323 2.0447284345047927 1.8402555910543132 1.380191693290735
0.23113783776680746 0.0012682708476022286 2.0 3.174603174603175 2.5714285714285716 2.5714285714285716 0.9206349206349207 0.6984126984126985
0.17506170479767091 0.0007184568760228836 1.5 3.149606299212599 2.708661417322835 2.204724409448819 1.1023622047244095 0.8188976377952758
0.4165013020364291 0.004130377156721591 3.6 3.2323232323232323 2.8767676767676766 2.101010101010101 1.195959595959596 0.4202020202020202
0.604747048420312 0.008960527339279942 5.3 3.0418250950570345 3.0114068441064643 2.3422053231939164 0.7604562737642586 0.7300380228136882
0.8904175877296395 0.01842310436817818 7.6 2.4279210925644916 2.4036418816388467 2.063732928679818 1.5781487101669196 1.4810318664643398
0.22345464928790842 0.0011520774400843785 1.9 3.2586558044806515 2.4439918533604885 1.9877800407331974 1.4989816700610998 0.879837067209776
0.09175961637691697 0.00020483436495396918 0.8 3.3402922755741127 2.9394572025052192 2.2045929018789145 0.9018789144050104 0.5678496868475992
1.0430355973410987 0.027258757741983632 9.3 3.470715835140998 3.193058568329718 1.9436008676789591 0.8676789587852495 0.5206073752711496
0.4345599374198228 0.00434404731201232 3.7 2.8218694885361546 2.2574955908289236 2.0599647266313927 1.9188712522045852 0.7054673721340387
0.7683964531853509 0.013773843099614935 6.6 3.0592734225621414 2.783938814531549 1.7131931166347993 1.4378585086042064 1.0707456978967493
0.5613431197765437 0.007322729840830791 4.8 3.0075187969924806 2.7368421052631575 1.8045112781954882 1.4135338345864659 1.082706766917293
0.023579290392876914 1.2862999247233872e-5 0.2 2.711864406779661 2.1152542372881356 2.088135593220339 1.8440677966101695 1.193220338983051
0.6023751164015608 0.008382533603631894 5.2 2.8828828828828827 2.2774774774774773 2.1045045045045043 1.9891891891891889 0.3747747747747748
0.9488473991643932 0.021229339656823276 8.2 3.3264033264033257 2.661122661122661 2.0291060291060288 1.0977130977130976 1.0977130977130976
0.7173908764834476 0.011866574316236157 6.1 2.9962546816479403 2.367041198501873 2.247191011235955 1.4981273408239701 0.7790262172284645
0.08186487471385223 0.00015465015645333013 0.7 2.735042735042735 2.105982905982906 2.078632478632479 2.078632478632479 0.7384615384615385
0.8595937651503972 0.017242679103287792 7.4 2.99625468164794 2.7865168539325844 1.5880149812734081 1.5880149812734081 1.0786516853932584
1.119808823813609 0.029245961056338594 9.6 2.8119507908611605 2.7275922671353254 2.080843585237259 1.3216168717047454 0.927943760984183
0.046552803206704824 5.093601036648285e-5 0.4 2.2315202231520224 2.1645746164574615 1.9414225941422594 1.8521617852161785 1.8521617852161785
0.7424627187326769 0.013303965206257222 6.5 2.8119507908611596 2.783831282952548 2.6151142355008785 0.9841827768014058 0.42179261862917394
1.1453127576976863 0.030528791362335283 9.8 2.73037542662116 2.402730375426621 1.8839590443686003 1.8020477815699658 1.0921501706484642
0.10649178043753324 0.0002608986688339028 0.9 2.753872633390706 2.4509466437177285 2.0378657487091223 1.5972461273666094 1.0740103270223753
0.30570404672320245 0.002168911475958445 2.6 2.6533996683250414 2.255389718076285 1.9104477611940298 1.8308457711442785 1.3532338308457712
0.30123431574556425 0.0021419820728661365 2.6 3.4782608695652173 2.782608695652174 1.9478260869565218 1.2869565217391303 0.48695652173913045
0.9953191657340923 0.0229817575917269 8.5 2.7210884353741496 2.6666666666666665 2.17687074829932 1.4965986394557824 0.5986394557823129
0.687671168657447 0.011707973059872574 6.1 3.382663847780127 3.281183932346723 1.8266384778012688 0.9133192389006344 0.5750528541226216
0.2820682478074525 0.001834875889419679 2.4 2.5974025974025974 2.5974025974025974 2.311688311688312 1.5584415584415583 0.4675324675324675
0.17558870468913823 0.0007155132641507978 1.5 3.094777562862669 2.4758220502901356 2.290135396518375 1.485493230174081 0.402321083172147
0.8901675715681634 0.01839032517106676 7.6 2.7826086956521743 2.615652173913044 2.2539130434782613 1.307826086956522 0.862608695652174
0.8877692734494543 0.018314092160235596 7.6 3.036053130929791 2.368121442125237 2.003795066413662 1.4269449715370017 1.3662239089184058
0.25949045213362265 0.0015573224276484456 2.2 2.6359143327841843 2.2405271828665567 2.00329489291598 1.845140032948929 1.186161449752883
0.02294543140361325 1.278122190675086e-5 0.2 3.1683168316831694 3.009900990099011 2.1861386138613867 1.0138613861386143 0.411881188118812
0.5162751994387341 0.006167082344860253 4.4 2.9795158286778403 2.5325884543761643 1.7579143389199257 1.6983240223463687 1.042830540037244
0.37496228109572516 0.0032634324980968365 3.2 2.952029520295203 2.5682656826568264 2.243542435424354 1.151291512915129 1.121771217712177
0.9754274736516906 0.023348448122905617 8.6 3.404255319148936 3.0638297872340425 1.974468085106383 0.851063829787234 0.8170212765957446
0.7145461403313276 0.012120501062125172 6.2 3.219315895372233 2.9295774647887325 1.8672032193158952 1.062374245472837 1.062374245472837
0.9245861052284128 0.02015816987567536 8.0 3.0888030888030884 2.532818532818532 2.471042471042471 1.2046332046332044 0.49420849420849416
0.8092108432196269 0.015503327675258085 7.0 3.4482758620689657 2.724137931034483 2.0344827586206895 1.1034482758620692 0.8275862068965517
0.7559196292870243 0.013852038351215745 6.6 3.3264033264033257 2.7941787941787934 2.3284823284823277 0.9646569646569644 0.4989604989604988
0.22336733098090533 0.0011452764511049964 1.9 2.476780185758514 2.4024767801857587 2.253869969040248 1.8328173374613004 0.5448916408668731
0.9624439206388301 0.021424113067203918 8.2 2.5396825396825395 2.463492063492063 2.2857142857142856 1.4222222222222223 1.1174603174603175
0.42415695213248256 0.004157776118954033 3.6 2.4464831804281344 2.348623853211009 2.1529051987767582 1.5657492354740061 1.4189602446483178
0.7618384031521431 0.013843593084907025 6.6 3.168316831683168 2.883168316831683 2.1544554455445546 1.0772277227722773 0.601980198019802
1.09933055905386 0.028334757768404804 9.5 3.0245746691871456 2.389413988657845 1.7542533081285443 1.5727788279773158 1.5425330812854443
1.0682791062041397 0.026472029659878712 9.2 3.1372549019607843 2.4784313725490197 1.8823529411764706 1.788235294117647 0.5647058823529412
0.37044419254343486 0.0031790865874318226 3.2 2.9629629629629632 2.6370370370370373 1.866666666666667 1.866666666666667 0.29629629629629634
0.6543897366859623 0.009931470306535647 5.6 3.2064128256513023 2.533066132264529 2.0521042084168335 1.571142284569138 0.4809619238476953
0.9809590831339872 0.023454865128692208 8.6 3.018867924528302 2.958490566037736 2.354716981132076 0.8754716981132076 0.6037735849056605
0.8750539168319305 0.018143583390764478 7.6 3.595505617977528 2.7325842696629215 1.90561797752809 1.1865168539325843 0.7550561797752808
0.023464182370229656 1.26766446925595e-5 0.2 2.7923211169284468 2.764397905759162 1.842931937172775 1.675392670157068 0.6422338568935427
0.18890423563828806 0.0008215326137073585 1.6 2.962962962962963 2.548148148148148 2.014814814814815 1.5407407407407407 0.8296296296296297
0.7393985416796253 0.01265178699091046 6.3 2.547770700636943 2.547770700636943 1.834394904458599 1.8089171974522293 1.0700636942675161
0.30196101066245956 0.002138486119455561 2.6 3.0245746691871456 3.0245746691871456 1.8147448015122873 1.270321361058601 0.7561436672967864
0.9157390188364979 0.01973362735953628 7.9 3.2854209445585214 2.5626283367556466 2.2669404517453797 1.2813141683778233 0.4928131416837782
0.8858507166790758 0.018369726821500225 7.7 3.007518796992481 3.007518796992481 1.6541353383458648 1.593984962406015 0.48120300751879697
0.2592288995077674 0.001548850905125069 2.2 3.0888030888030884 2.3474903474903472 2.1003861003861 1.4517374517374515 1.1119691119691117
0.75574202783163 0.013417970630128794 6.5 3.225806451612903 2.7096774193548385 2.064516129032258 1.129032258064516 0.9677419354838709
0.9454388310968493 0.021108111927146768 8.2 3.076923076923077 2.9846153846153847 1.7230769230769234 1.2307692307692308 1.0461538461538462
0.4305782626235916 0.004318972028037923 3.7 3.3195020746887964 2.5228215767634854 1.6597510373443982 1.5269709543568464 1.2614107883817427
1.098926020220924 0.028281013888062267 9.5 3.426124197002141 2.569593147751606 1.7130620985010705 1.507494646680942 0.9935760171306208
0.13741102956183415 0.00045859206020589085 1.2 3.619909502262443 2.7149321266968323 2.2805429864253393 0.9773755656108597 0.43438914027149317
0.2937180636079127 0.0019952873575140116 2.5 2.9684601113172544 2.4935064935064934 2.077922077922078 1.306122448979592 1.2764378478664193
1.1423465803931716 0.030701757089190613 9.9 3.4482758620689653 2.655172413793103 1.793103448275862 1.3448275862068966 0.9655172413793104
0.26198776375399946 0.0016909723805750162 2.3 3.5164835164835164 2.989010989010989 2.10989010989011 0.9142857142857143 0.45714285714285713
0.1529909909238861 0.00054052715952879 1.3 2.8828828828828827 2.4216216216216213 2.018018018018018 1.4414414414414414 1.3549549549549549
0.2188290852310266 0.0011412464653430844 1.9 3.278688524590164 3.0491803278688527 1.8688524590163933 1.1475409836065573 0.5901639344262295
0.7539123553302665 0.013303520809285508 6.5 3.1372549019607843 2.6980392156862743 1.6313725490196078 1.4431372549019608 1.3176470588235294
0.3760416672461497 0.0032730746198750015 3.2 2.568218298555377 2.568218298555377 1.7720706260032102 1.7463884430176566 1.2584269662921348
1.024982909839691 0.02454918904420873 8.8 3.065134099616858 2.6053639846743293 2.0842911877394634 1.2260536398467432 1.1034482758620687
0.9846265545324876 0.022477676647613874 8.4 2.618657937806874 2.618657937806874 2.121112929623568 1.3878887070376433 1.126022913256956
0.9645483239932755 0.0223584063391126 8.4 3.1872509960159365 2.804780876494024 2.2948207171314743 1.0517928286852591 0.5099601593625499
0.17301509846848603 0.000717590328643976 1.5 3.1311154598825834 2.9745596868884543 2.129158512720157 1.12720156555773 0.40704500978473585
0.6801628327903582 0.010711299447296208 5.8 3.071017274472169 2.36468330134357 2.0575815738963534 1.4126679462571978 1.2591170825335891
0.5737361811580499 0.007629135048513195 4.9 3.21285140562249 2.4738955823293174 1.8313253012048192 1.542168674698795 1.0923694779116466
0.7978709425428584 0.01472741785778629 6.9 2.8419182948490227 2.2451154529307282 2.0746003552397867 2.046181172291296 0.4262877442273534
0.9751601963217318 0.022848211069530888 8.5 3.4334763948497855 2.7811158798283264 2.128755364806867 1.167381974248927 0.41201716738197425
0.04704317008600188 5.1363595841389455e-5 0.4 2.73972602739726 2.1095890410958904 1.9999999999999998 1.863013698630137 1.3150684931506849
0.08260015459028339 0.00015766364988491964 0.7 2.6711185308848084 2.163606010016695 2.083472454090151 1.8430717863105177 1.1485809682804675
0.5478003059002453 0.0069838693679658325 4.7 3.2064128256513023 2.4368737474949898 1.6993987975951903 1.6032064128256511 1.3146292585170338
0.8984270426674827 0.01988241982324206 7.9 3.245436105476673 2.9533468559837726 2.304259634888438 0.8113590263691682 0.6166328600405678
0.7281098429323233 0.012326407597892625 6.2 2.4096385542168672 2.265060240963855 1.9999999999999998 1.9518072289156625 1.1566265060240963
0.7616371616237072 0.013467282680768862 6.5 2.8021015761821366 2.4378283712784588 1.7933450087565674 1.7653239929947462 1.2049036777583186
1.0187553059766603 0.02409312627056669 8.7 2.9739776951672865 2.3494423791821566 1.9628252788104092 1.6356877323420076 1.1301115241635689
0.39794264076846353 0.003669628141278709 3.4 2.877697841726618 2.4748201438848914 2.4460431654676253 1.1223021582733812 1.0359712230215825
0.687252404419297 0.01103161845363469 5.9 2.8828828828828827 2.5945945945945947 2.4504504504504503 1.1531531531531531 0.7207207207207207
0.5467919532126446 0.0073168636995443 4.8 3.3402922755741127 2.6388308977035493 2.605427974947808 0.8684759916492694 0.4342379958246347
1.016729982885296 0.024166281072544753 8.7 2.3880597014925367 2.3164179104477607 1.9343283582089548 1.886567164179104 1.3373134328358207
1.1267660771158838 0.029647184127479517 9.7 3.149606299212599 2.708661417322835 1.8582677165354333 1.5118110236220474 0.6929133858267718
1.1289332409861237 0.030000440099105734 9.8 3.271983640081799 2.8793456032719833 1.7014314928425356 1.4723926380368098 0.6216768916155418
0.8549519784646611 0.01697350200218634 7.3 2.8933092224231465 2.430379746835443 1.8227848101265822 1.7070524412296564 1.18625678119349
0.21152575624379955 0.001033918306556205 1.8 3.1128404669260696 2.552529182879377 1.8054474708171202 1.5875486381322956 0.9961089494163423
1.1638720695379965 0.03165222492219 10.0 2.925045703839123 2.3400365630712985 1.8135283363802561 1.7550274223034736 1.2577696526508229
0.9438833068639366 0.02076182583648817 8.1 2.753872633390706 2.726333907056799 1.9001721170395869 1.349397590361446 1.2943201376936317
0.274826798063674 0.001822803695481726 2.4 3.5010940919037203 3.0109409190371994 1.890590809628009 0.9803063457330418 0.7352297592997813
1.1443772757626138 0.03041371001158275 9.8 3.036053130929791 2.4592030360531307 1.9127134724857682 1.669829222011385 0.8804554079696393
0.6071767603320354 0.008605921298210388 5.2 3.0947775628626686 2.5686653771760146 2.290135396518375 1.3617021276595742 0.46421663442940025
0.8769539025231916 0.01787682637161042 7.5 2.8469750889679712 2.619217081850534 1.9644128113879 1.3665480427046262 1.2526690391459074
0.8348807710604226 0.016153879670850795 7.2 2.9850746268656714 2.4477611940298503 2.029850746268657 1.8507462686567162 0.3582089552238806
0.2077087033318226 0.0010201649067891733 1.8 3.5087719298245617 2.8070175438596494 1.8596491228070178 1.4035087719298247 0.3508771929824562
0.8472076424966087 0.016794040656566128 7.3 3.455723542116631 2.6263498920086397 1.8660907127429809 1.3477321814254861 0.8639308855291578
0.6984921533067101 0.011404520119684925 6.0 3.3542976939203353 2.6163522012578615 1.9790356394129978 1.241090146750524 0.9727463312368971
0.43678260334413505 0.00460343046320143 3.8 3.3057851239669422 2.909090909090909 2.1487603305785123 1.090909090909091 0.39669421487603307
1.1095773168831387 0.028500902736574175 9.5 2.572347266881029 2.4694533762057875 1.9807073954983925 1.9035369774919615 0.7202572347266882
0.5148866107372625 0.006144082742871652 4.4 2.867383512544803 2.7526881720430105 1.6630824372759856 1.6344086021505375 1.032258064516129
0.546282614668843 0.006979414440897143 4.7 3.2128514056224895 2.730923694779116 1.7349397590361444 1.3172690763052206 1.220883534136546
0.9078735061899903 0.01923854834004995 7.8 3.2323232323232323 2.5212121212121215 2.004040404040404 1.2606060606060607 1.195959595959596
0.9131332722060097 0.019236015159273322 7.8 2.6578073089700998 2.39202657807309 2.152823920265781 1.8338870431893688 0.584717607973422
1.0171926412126682 0.023961718611501228 8.7 2.8520499108734403 2.196078431372549 2.0819964349376114 1.8823529411764708 0.8270944741532976
1.1512126696660112 0.030996748985105137 9.9 2.523659305993691 2.4984227129337544 1.8422712933753944 1.6403785488958993 1.5141955835962146
0.6186544997899497 0.009243777260032358 5.4 3.312629399585922 2.650103519668738 2.4844720496894412 0.9937888198757765 0.43064182194616984
0.963532291940396 0.022013316433792965 8.4 3.094777562862669 3.063829787234042 1.5473887814313345 1.2688588007736943 1.1450676982591874
0.7622644745683262 0.014203112771467692 6.7 3.5874439461883405 2.9775784753363226 1.9730941704035874 0.8968609865470851 0.7174887892376681
0.3377013254755635 0.002681948312371672 2.9 3.1872509960159365 2.709163346613546 2.2310756972111556 1.1474103585657371 0.6374501992031874
0.3387742871011501 0.002685384285436962 2.9 3.0710172744721684 2.73320537428023 2.1804222648752396 1.1362763915547023 0.8291746641074855
0.6401396698520512 0.00948283664186748 5.5 3.137254901960784 2.352941176470588 2.1647058823529406 1.7254901960784312 0.37647058823529406
0.8262840114517933 0.01597738339693716 7.1 3.3613445378151265 2.554621848739496 2.151260504201681 1.2436974789915969 0.7394957983193279
1.0266416678825954 0.024788589238417313 8.9 3.4482758620689657 2.620689655172414 1.7241379310344829 1.3448275862068968 1.1724137931034484
0.023364781686563398 1.2723555946449597e-5 0.2 3.3057851239669422 2.479338842975207 2.28099173553719 1.090909090909091 0.9917355371900827
0.4817046655700198 0.0053579187313333556 4.1 3.0131826741996237 2.5913370998116765 1.8380414312617703 1.627118644067797 0.8738229755178908
0.01172040291191854 3.162504879604296e-6 0.1 2.6711185308848076 2.5375626043405672 2.1636060100166943 1.7629382303839731 0.4006677796327211
0.5985875513962506 0.008493986073528869 5.2 3.3613445378151265 2.890756302521009 1.8487394957983196 1.411764705882353 0.3361344537815127
1.0290630920141013 0.02491884829376356 9.0 3.1372549019607843 2.8862745098039215 1.7254901960784315 1.6627450980392158 0.3137254901960784
0.8803372361483504 0.018562579377051566 7.7 3.5164835164835164 2.989010989010989 1.7582417582417582 1.1956043956043956 0.5978021978021978
0.8071732278156426 0.015133159968015413 6.9 2.9520295202952025 2.5092250922509223 2.273062730627306 1.210332103321033 1.0627306273062729
0.09314163120309553 0.00020334903682746035 0.8 3.1746031746031744 2.888888888888889 1.9047619047619047 1.2380952380952381 0.7619047619047619
0.32443325479807467 0.0024902413827875116 2.8 2.816901408450704 2.816901408450704 2.3943661971830985 1.1549295774647885 0.45070422535211263
0.02338344518462705 1.2705685798215288e-5 0.2 3.0245746691871456 2.7523629489603025 1.7240075614366728 1.4215500945179584 1.1795841209829867
0.1701962940855597 0.0007098424308616756 1.5 3.603603603603604 3.1351351351351355 1.801801801801802 0.9369369369369371 0.6486486486486487
0.42376510378388677 0.00415076777226102 3.6 2.580645161290323 2.5290322580645164 1.9354838709677422 1.574193548387097 1.341935483870968
0.27005983597751676 0.001683390036129179 2.3 2.8268551236749118 2.7420494699646643 1.7526501766784452 1.6395759717314486 0.9045936395759718
0.14862230406246496 0.0005394832183038312 1.3 3.125000000000001 3.093750000000001 2.125000000000001 1.0625000000000004 0.3125000000000001
0.8323153535701452 0.01610889981049415 7.2 3.2 2.4320000000000004 2.016 1.7920000000000003 0.32000000000000006
0.13978550533337558 0.00045502398388741385 1.2 3.0075187969924815 2.7067669172932334 2.0150375939849625 1.6240601503759402 0.30075187969924816
0.2569508129267108 0.0015181282409965048 2.2 2.8828828828828823 2.162162162162162 2.162162162162162 1.96036036036036 0.5477477477477476
1.011918774325536 0.025062133447801303 8.9 2.9520295202952034 2.9225092250922513 2.391143911439115 1.062730627306273 0.29520295202952035
0.8073820897397105 0.01515079955438021 6.9 2.9465930018416207 2.3572744014732967 1.8268876611418048 1.7090239410681398 1.267034990791897
0.9591081453987212 0.021400781439987634 8.2 2.763385146804836 2.3488773747841103 1.9620034542314333 1.6027633851468046 1.4093264248704662
0.9104476019192954 0.020154319377731204 8.0 3.72960372960373 2.834498834498835 2.013986013986014 0.9696969696969698 0.6340326340326341
0.4576663684153802 0.004846826155338957 3.9 3.0476190476190474 2.4076190476190478 2.0114285714285716 1.401904761904762 1.3104761904761904
0.95439466042463 0.02150844329609524 8.3 3.3264033264033257 2.8274428274428267 1.8295218295218292 1.4968814968814965 0.3659043659043658
0.28550801911108453 0.0019865711145611023 2.5 3.5398230088495577 2.6548672566371683 2.4070796460176993 0.9911504424778762 0.3539823008849558
0.6661304816234764 0.010300079686392098 5.7 2.2857142857142856 2.217142857142857 2.125714285714286 2.1028571428571428 0.8228571428571427
0.9324512738383208 0.02036555057433922 8.0 2.335766423357664 2.2423357664233574 2.0321167883211677 1.7284671532846714 1.6583941605839414
1.0420256766112512 0.025148577393842884 8.9 2.610114192495922 2.4535073409461665 1.9314845024469824 1.879282218597064 0.8613376835236544
0.9292012596179862 0.0199177998897434 7.9 2.5518341307814993 2.5518341307814993 2.1435406698564594 1.6586921850079746 0.7400318979266347
0.21645725537769725 0.0011537545620481453 1.9 3.3402922755741127 2.7390396659707723 2.538622129436326 0.8350730688935282 0.4342379958246347
0.2230659428287523 0.0011498138220552034 1.9 3.036053130929791 2.702087286527514 1.9127134724857682 1.5483870967741933 0.6375711574952561
0.31193030661584026 0.0023205237622841587 2.7 3.252032520325203 2.6991869918699187 2.3739837398373984 1.040650406504065 0.5203252032520325
0.4805259300354596 0.005357873324365786 4.1 2.7923211169284468 2.513089005235602 1.731239092495637 1.7033158813263525 1.3123909249563699
0.16305097584145245 0.0006200723996019824 1.4 3.2653061224489797 2.710204081632653 1.6653061224489796 1.4040816326530612 1.1755102040816325
1.0230885734217252 0.02452498811973043 8.8 2.6143790849673203 2.1176470588235294 2.065359477124183 1.673202614379085 1.673202614379085
1.1301404610169146 0.03147033460259838 10.0 3.50109409190372 3.045951859956236 1.9606126914660833 0.87527352297593 0.7352297592997812
0.5188868530271985 0.006211399410034789 4.4 2.684563758389262 2.2550335570469797 2.2013422818791946 1.5838926174496644 1.2348993288590606
0.642758341337039 0.00953909255234612 5.5 3.1434184675834973 2.451866404715128 1.8231827111984282 1.7917485265225932 0.7229862475442044
0.4722912045211644 0.005135917499548472 4.0 2.5600000000000005 2.2528000000000006 2.2016000000000004 1.8176000000000003 0.8960000000000001
0.541771983171759 0.0067766721185731245 4.6 2.5599999999999996 2.3808 2.1759999999999997 1.4847999999999997 1.3567999999999998
0.5410016731070008 0.0067617963956558445 4.6 2.6936026936026938 2.6397306397306397 2.2626262626262625 1.4545454545454548 0.5925925925925927
0.429044866081425 0.004332120874879211 3.7 3.319502074688797 2.4896265560165975 2.4564315352697097 1.029045643153527 0.7302904564315353
0.4707036167518842 0.005110599688689316 4.0 3.1872509960159365 2.4223107569721116 2.071713147410359 1.49800796812749 0.8286852589641436
0.9876573012232663 0.022884792368746923 8.5 3.1936127744510983 2.5868263473053896 2.2355289421157685 1.3093812375249503 0.5429141716566868
0.17109595445614229 0.0007203417156822797 1.5 3.524229074889868 2.889867841409692 2.220264317180617 0.9162995594713658 0.42290748898678415
0.6960521343494885 0.011167683236791475 5.9 2.8070175438596494 2.442105263157895 2.1333333333333337 1.5438596491228074 0.9543859649122809
0.047342362840948664 5.145544650679558e-5 0.4 2.684563758389262 2.442953020134228 2.2550335570469797 1.5033557046979868 0.9127516778523491
0.8395488257384018 0.016424199824694573 7.2 3.245436105476674 2.596348884381339 1.9148073022312375 1.363083164300203 1.006085192697769
0.837041978534935 0.016360876948325862 7.2 2.877697841726619 2.762589928057554 1.7266187050359714 1.4100719424460433 1.3237410071942448
1.0694882483847503 0.026790870737247046 9.2 2.8520499108734403 2.6809269162210336 2.310160427807487 1.2549019607843137 0.6559714795008913
0.4905523801285554 0.00581963059858161 4.3 3.619909502262443 2.9683257918552033 1.8099547511312215 0.9411764705882352 0.9411764705882352
0.5494765069874931 0.006966906790416658 4.7 2.4464831804281344 2.2262996941896023 2.2018348623853212 2.0305810397553516 0.636085626911315
0.4935076861341837 0.00561184233219886 4.2 2.5356576862123617 2.5356576862123617 2.434231378763867 1.3692551505546753 0.7860538827258321
0.206941933781264 0.0010241904657987827 1.8 3.2989690721649483 3.0350515463917525 1.8804123711340204 1.2536082474226804 0.3628865979381443
0.8694210044995815 0.017472983262662962 7.4 2.6711185308848076 2.3238731218697826 2.270450751252086 1.4691151919866443 1.2020033388981635
0.8883718526692357 0.019366575396882343 7.8 3.278688524590164 2.918032786885246 2.2950819672131146 0.8852459016393444 0.5245901639344263
0.1151972002822651 0.00031926255278935965 1.0 3.3057851239669422 2.87603305785124 2.181818181818182 0.859504132231405 0.859504132231405
0.07026229978952624 0.00011430869254943206 0.6 3.082851637764933 2.7745664739884397 1.7572254335260118 1.5414258188824665 0.7707129094412333
0.28504873654499246 0.0019725782280218184 2.5 3.5164835164835164 3.0945054945054946 1.8285714285714285 0.9846153846153847 0.6681318681318681
0.4261016434503118 0.004348199805631464 3.7 3.3402922755741127 2.6388308977035493 2.4384133611691023 0.8350730688935282 0.8350730688935282
0.8940934772232566 0.018803691111096723 7.7 2.6359143327841847 2.0560131795716643 1.9505766062602967 1.8451400329489291 1.6606260296540365
0.44236365737870764 0.004605055101008338 3.8 2.4205748865355523 2.0332829046898637 1.9848714069591529 1.9122541603630865 1.718608169440242
0.5405149476675468 0.006756539618899252 4.6 2.5078369905956115 2.231974921630094 2.0564263322884013 2.0062695924764893 0.9028213166144201
1.0388731320659372 0.02513371989489999 9.0 2.6101141924959217 2.401305057096248 2.3230016313213704 1.8270799347471451 0.28711256117455136
0.03485892913302738 2.8071547727036553e-5 0.3 2.4464831804281344 2.1773700305810397 2.1773700305810397 2.1529051987767582 0.5382262996941896
0.29393962554186925 0.001984885324070573 2.5 2.9739776951672865 2.3494423791821566 2.022304832713755 1.8141263940520447 0.6542750929368031
0.9111007172433303 0.019315994501865878 7.8 3.162055335968379 2.4980237154150196 2.0869565217391304 1.2964426877470352 1.075098814229249
0.5350437428153455 0.006628786770587921 4.6 3.245436105476673 2.5963488843813387 1.817444219066937 1.7200811359026367 0.4868154158215009
0.9671108637861748 0.02202828179544292 8.4 3.018867924528302 2.837735849056604 1.509433962264151 1.449056603773585 1.388679245283019
0.31701377259352687 0.002320891029248209 2.7 2.782608695652174 2.4765217391304346 2.3930434782608696 1.1965217391304348 1.085217391304348
0.43447587161059686 0.00436043025522117 3.7 2.97951582867784 2.2346368715083798 1.9068901303538175 1.8770949720670391 0.9832402234636872
0.10540264218217255 0.00025854081752333167 0.9 2.6101141924959217 2.244698205546493 1.9053833605220227 1.7226753670473085 1.6443719412724307
0.5328617215704304 0.006664048706129136 4.6 3.571428571428571 2.714285714285714 1.8214285714285714 1.3214285714285714 0.7142857142857143
0.5136630629396464 0.006143055837507775 4.4 3.3613445378151265 2.554621848739496 1.9831932773109247 1.277310924369748 1.008403361344538
0.05812611881046257 7.908611551471895e-5 0.5 3.426124197002141 2.8094218415417553 1.7815845824411134 1.3704496788008564 0.6509635974304068
1.0278087381361545 0.02494143774851729 8.9 3.3684210526315796 2.694736842105264 1.9536842105263161 1.1452631578947372 1.0442105263157897
0.08215303832814519 0.0001560904742828191 0.7 3.0888030888030884 2.378378378378378 1.9768339768339767 1.4208494208494207 1.3590733590733588
0.046709837809364115 5.113427561247907e-5 0.4 2.9465930018416207 2.7697974217311234 2.2099447513812156 1.3554327808471456 0.3830570902394107
0.7887841585907529 0.014465671186766855 6.8 3.0651340996168583 2.81992337164751 1.6551724137931036 1.6551724137931036 0.6743295019157088
0.011813861010909204 3.2138023443628317e-6 0.1 2.8520499108734403 2.3672014260249554 1.9679144385026737 1.7112299465240641 1.0552584670231728
0.3390167298122226 0.0026657835514619075 2.9 2.6711185308848076 2.590984974958263 2.510851419031719 1.1752921535893153 0.7746243739565941
